0.059820514591488586
0.0720700442223608
0.09776044537918374
0.10333524850538743
0.10814862438632372
0.13412502501609963
0.16076357985385092
0.13743134585472158
0.1373611889763935
0.16705135974684565
0.17363383091095275
0.16702641587894423
0.20948568174403168
0.170202551167775
0.1897639675370675
0.2041018313301015
0.19986350988211493
0.17914821823074087
0.20302666197012179
0.20245389123778618
0.20508267604921726
0.21960288342960715
0.22338078695446018
0.2202769103944572
0.2118255863142938
0.2263702309689199
0.217199876227771
0.22195719803186925
0.23990861994568352
0.2167490111509731
0.699669626670139
0.7794352915650602
0.7837616462035104
0.8511071055417823
0.8379562480224076
0.8502236145239812
0.8301800064836893
0.8622312558153105
0.8682189321044458
0.8582200217619865
0.8964925180749503
0.8788642048671749
0.8354192192390568
0.8771121535010518
0.891710770344766
0.8802753963569432
0.888133031688723
0.9029678841595716
0.8991183971404623
0.875775818315249
0.877414503573986
0.8786158222263206
0.8747093766229838
0.8891008663451017
0.8732708010898975
0.8739259758365023
0.868429207673829
0.8795155179083174
0.8755510743545583
0.874426230949245
0.8925765815066782
0.8765396300913981
0.881391904968748
0.8847734948646487
0.8831518514180032
0.885787687211723
0.8931621697577861
0.8965113968745342
0.8900691280306241
0.8930200618581441
0.8882209422440789
0.8878659954054604
0.8910534119126474
0.8884074345096815
0.882401645352137
0.8824804160452144
0.8931982886986471
0.8896463929687387
0.887354948080284
0.883179155988209
0.8869607775653345
0.8893103586088849
0.8884148118403603
0.890064637141468
0.8800161064850299
0.8874285797234165
0.8820516091468802
0.8869183441345081
0.8810323708764873
0.8824685384331368
0.8839066447824006
0.8818741591590231
0.8816792931031323
0.8797695398940022
0.881044079053495
0.8810436872202939
0.8806562123097634
0.8856147201399269
0.8777287504234316
0.8862890125216798
0.8834993179565414
0.8773618255870521
0.8811712948194868
0.882400492683852
0.881364813288223
0.8754130706506886
0.87928891779708
0.883806276433022
0.8922674011013254
0.8861516644453924
0.887630239281276
0.8868045639981177
0.8816196621295882
0.8856290393988131
0.8871888290735976
0.8840104583342672
0.8902765735637312
0.8871783995426097
0.8862736476008912
0.8882781016546699
0.8869908686262511
0.8856986333084242
0.8854023465445079
0.8772152168016877
0.8826397938893266
0.875825514747177
0.8823957732062773
0.8853914541057049
0.8901154639992193
0.8856433872500425
0.889079456359869
0.8855841230719924
0.8814180874462983
0.8853726228472235
0.8880832476857954
0.8850288678284015
0.8805654677415088
0.8822751520557586
0.8852573912424162
0.8895600355408984
0.7705902655725195
0.814735980166883
0.7821995960049831
0.8425226162132136
0.8085522063171171
0.8266848505905602
0.8190659933754796
0.8557885429502325
0.8448375970290414
0.858079870446754
0.8580611599480077
0.8586828443595909
0.8562309624282773
0.8725134601350415
0.840558699433593
0.8569484581019117
0.8551282878498134
0.8714621660872249
0.8581505104826231
0.8448944610227744
0.8480365703533015
0.8626347152501772
0.8641456428500325
0.8629371123258012
0.8569789226168084
0.881697610843473
0.8613470268111951
0.8728237518655533
0.8731024326192043
0.8720260003675214
0.8163617541709366
0.8335256448103003
0.802072629232178
0.8622319675783312
0.8788195220392364
0.8800558960020475
0.9125156034834427
0.9043853922432731
0.8938267751725901
0.9074236869646412
0.8928026456151894
0.890024105071334
0.9037855819604025
0.8955336615185602
0.8867717284973973
0.9008416641445725
0.8983219532095079
0.8911189743571706
0.9035134095674283
0.8839138056379777
0.8758149389245695
0.8953717616491439
0.8978770522525603
0.9007013787400777
0.8960668738000671
0.9073837547896657
0.8943545249953301
0.9022620886620378
0.8884945225281684
0.87929324323367
0.883136078793566
0.8882761923897
0.8938386658456601
0.897196287124196
0.8933142549349344
0.8808276592965885
0.8908151126423791
0.8844700971730572
0.8925831676444489
0.886684929043083
0.8857799110974858
0.8833469296126037
0.8851164714138853
0.893511239547335
0.8964489915839778
0.8989352456843926
0.8975533752092647
0.8964250163267473
0.8947699595070235
0.8895389041390377
0.893292992412875
0.8938010637925824
0.8883136480662532
0.896315578155126
0.8913436497231931
0.8900657615226832
0.8907276151695382
0.8918820700187209
0.8926538031992981
0.8892599772334883
0.8837558199998219
0.8889448117023384
0.8922535201875634
0.8922871008975478
0.8871289236639306
0.8913403957588353
0.8927153673421448
0.8910094500261023
0.8948203784499318
0.894840785912989
0.8925468931244553
0.8934575126607474
0.8891396164965049
0.8900875941217259
0.8945832682067165
0.893569015112343
0.8900440307304816
0.8873028021307501
0.8930499121885156
0.8933574255442975
0.8829408945064173
0.8919257843211055
0.8951352054239339
0.891467179756767
0.8923538768287889
0.8914488392305967
0.8864166371922374
0.8869103931525192
0.8939710230242038
0.8906654287273336
0.891102608600435
0.889968467730686
0.890057786591674
0.8910031199884358
0.8832987188601026
0.8873327807891037
0.8911621746835647
0.891329775563156
0.8893490725175035
0.890786792095763
0.8796885277320687
0.8874784354119829
0.8912469296116432
0.8861121240685641
0.8878683767485899
0.890039619472089
0.8826735470273837
0.8855165618256569
0.8947889405328047
0.893655844267331
0.9120437785500435
0.9066882539907009
0.9148346179094502
0.9059806503846703
0.9119472710627579
0.920411033998422
0.9128825717377034
0.926324851478813
0.9180748255391142
0.9169935206484836
0.9122576636869233
0.90983073597875
0.9259535098720535
0.9159442929264185
0.9066915004893967
0.9176691969655069
0.9138916252782899
0.9163634186506064
0.9211011118104269
0.9203866203062399
0.9247107092843133
0.9216730774066866
0.9220101298069499
0.924086297702866
0.9238722249466398
0.9251970227288507
0.917818134294371
0.9273924535006209
0.9243382691895808
0.9237968447957348
0.8558793321907723
0.9011434778437637
0.8868768583774295
0.9023297279705477
0.8640087264641181
0.9093829911776405
0.9090096378018844
0.9031282181354043
0.910339048902475
0.9114102723667453
0.9171077631238513
0.9259633823431457
0.9230781515260684
0.9063187113957852
0.9318121161666242
0.923930178707921
0.9332086630759517
0.9291758280918028
0.9298954444575779
0.9249788210656595
0.9165872736764841
0.9175241054614175
0.9255078047394947
0.9176857960995397
0.919282677401452
0.9283917246564338
0.9262298949069014
0.9222544524901325
0.9188708379682247
0.9316021148323497
0.9234952735493447
0.9235332047003143
0.9263538682513719
0.9273059782866263
0.9307863097782696
0.9269220782948799
0.9245905569838586
0.9304523424644285
0.9311906642190735
0.9272663885150279
0.9250513145093044
0.9306041635763111
0.9231055903637937
0.9305277115858958
0.9321406852272861
0.9287017834847766
0.9290843372795217
0.9221181074997735
0.9253611584107768
0.9306946290975311
0.9237806525050671
0.9307485765013299
0.9311782325818738
0.9275544969430054
0.9294127469176309
0.9292812735156593
0.9313138494662199
0.9334680101824555
0.9323596266620349
0.9256379059974665
0.9325734561862501
0.9275492325086445
0.9253223057746293
0.9307589421155258
0.9270583289521409
0.9286361450892624
0.9252175208708743
0.9252912048957816
0.9288842671976371
0.9290229145122013
0.454085526673039
0.5963939105325708
0.6964539569486814
0.6983469301058138
0.7316499822284656
0.6888684573848664
0.7271592748879376
0.736915433575734
0.7718133995832757
0.7743910571137653
0.7660704398722019
0.77058112333756
0.7755066071582715
0.7657005911721155
0.7816615316291858
0.8005648942985091
0.7770848341913713
0.7787789117557222
0.7867260121792384
0.801902294363297
0.7991506723837817
0.8145464220443674
0.8076191019750725
0.8146393409769299
0.7867339374132156
0.7943107213154048
0.8097869830221122
0.793931166554685
0.8256964718796659
0.8203415446635521
0.8175666169713457
0.8104824069039912
0.8092195949763217
0.8194863727623114
0.8263579713931657
0.8218827745863667
0.8248814551853975
0.7986533326888463
0.8226872176618676
0.8149780975213654
0.8167203447986104
0.8193563989766333
0.8241281094241172
0.8176829964742348
0.8244674079857492
0.8275744712369126
0.8224581490430543
0.8345660727544204
0.8330578068078113
0.8271532038449079
0.8021806716765726
0.8211595228940003
0.8080928939007153
0.8590231128101378
0.8300224258379724
0.8622848712450646
0.8750860291000238
0.8873484203200825
0.8807302501546054
0.8704746181563632
0.8843324912043539
0.9033114863469869
0.9038673570942333
0.8796249317285443
0.8988794882405089
0.8962965846249538
0.9100758218121359
0.8967609487422479
0.9059067287444952
0.8951310552078227
0.8997031918117773
0.9086071340510686
0.9062080734272058
0.9055350762878118
0.9047618285425576
0.9039861966839591
0.9060550775379144
0.9104546310635839
0.8956106205108676
0.9041795193683604
0.9076542366181144
0.8939383842633875
0.9112000989946982
0.89831325912864
0.9140056130962303
0.9074199548410775
0.9075625196816175
0.9006348589165978
0.9096838317066225
0.9075998039410589
0.9160873435707142
0.9073031013404509
0.9149394467460618
0.9119114439627765
0.9106848036046875
0.912089575729481
0.9121329256213303
0.9138391470605901
0.9135347827079796
0.9112336414216768
0.5990803849109656
0.7225616033833797
0.6949171811268193
0.6403054619240863
0.6738053033627055
0.7506174301055815
0.7161571238580413
0.6596362843103791
0.7501969649572591
0.7511450665207925
0.7685797582764194
0.7905441163211744
0.7854570204870381
0.7833695330912585
0.7834122042748086
0.7545432192205559
0.789022152247943
0.7705469028597425
0.7529406916417656
0.8035300815413011
0.7693036475120771
0.7913696248853948
0.794653401699637
0.792033943269806
0.793540711286155
0.8007293402536664
0.8099619787509191
0.8100259984980018
0.794761119145049
0.7981192924065563
0.8029441811683113
0.8083558864841434
0.8128433178412127
0.8083762063012987
0.809210013995144
0.8093289573464458
0.8111114363172396
0.8094758875646042
0.8185980868606992
0.8185028051341322
0.8178429864819668
0.8065334211333948
0.8137950176682186
0.8106377855915454
0.8115982669208281
0.8141762175383435
0.8134602417754268
0.8030319838625306
0.8137703974694579
0.8118759750251845
0.7875387567066894
0.8425280472631722
0.8455449629180818
0.821810638390826
0.8393234109202856
0.871699117306264
0.8986039267213759
0.8558544391882948
0.8960786081731378
0.9012389468621512
0.9001823050391868
0.9120692724634969
0.9052616470066449
0.9095597116515964
0.9060094041465956
0.9168120843524296
0.9187116822120768
0.9009988325226073
0.9094754978485078
0.9037960473812532
0.9157257416469556
0.9153302283480844
0.9081561950076413
0.9031460900877984
0.9057179464125436
0.9134843704839247
0.9024279790828523
0.9085134304572571
0.9005176007420304
0.9109706840880054
0.9051650394914305
0.9133256607233105
0.909352317380608
0.9106984919070568
0.9124478888334056
0.9054924580039425
0.9118825336807568
0.9130772968746674
0.9098390176207918
0.9071757328110375
0.9034670884715512
0.9090799485466254
0.902715189864453
0.901941007939479
0.9017361433334675
0.9010176893365934
0.9059776892637972
0.8962524628337908
0.9007305772711631
0.9090518863830109
